start: 1399287528.14
1399287528.60 0
1399287528.74 0
1399287528.88 165
1399287529.02 183
1399287529.17 183
1399287529.32 183
1399287529.47 183
1399287529.61 183
1399287529.79 183
1399287529.98 297
1399287530.17 423
1399287530.36 424
1399287530.55 424
1399287530.74 424
1399287530.94 424
1399287531.14 424
1399287531.35 424
1399287531.56 424
1399287531.77 424
1399287532.00 560
1399287532.27 677
1399287532.54 703
1399287532.81 703
1399287533.09 703
1399287533.37 706
1399287533.64 707
1399287533.92 707
1399287534.21 707
1399287534.52 708
1399287534.79 708
1399287535.05 708
1399287535.33 708
1399287535.59 708
1399287535.86 708
1399287536.12 708
1399287536.38 708
1399287536.65 709
1399287536.93 709
1399287537.19 709
1399287537.51 709
1399287537.78 709
1399287538.05 710
1399287538.45 711
1399287538.73 712
1399287538.99 712
1399287539.25 713
1399287539.51 714
1399287539.78 714
1399287540.04 714
1399287540.32 714
1399287540.59 714
1399287540.85 714
1399287541.11 714
1399287541.38 714
1399287541.65 714
1399287541.91 714
1399287542.18 715
1399287542.43 716
1399287542.70 716
1399287542.96 716
1399287543.23 716
1399287543.51 716
1399287543.78 716
1399287544.04 716
1399287544.30 716
1399287544.57 716
1399287544.84 716
1399287545.13 716
1399287545.40 716
1399287545.67 716
1399287545.94 716
1399287546.20 716
1399287546.55 716
1399287546.84 716
1399287547.20 716
1399287547.50 716
1399287547.76 716
1399287548.02 716
1399287548.28 716
1399287548.55 716
1399287548.81 716
1399287549.08 716
1399287549.37 716
1399287549.63 716
1399287549.89 716
1399287550.16 716
1399287550.43 716
1399287550.71 716
1399287550.97 716
1399287551.30 716
1399287551.61 716
1399287551.87 716
1399287552.13 716
